88404159
95466213
95463545
82407697
82452246
82452589
89428354
82988554
82988691
82988780
83536334
83536344
84405669
84405882
84406044
84406370
84406928
82886280
92777065
92777522
88753623
88817316
82911708
83539199
83539488
94793057
86827913
83298236
106632830
106632887
106803515
106803529
83294801
83231901
83422580
84330199
84330366
83682193
83682996
87181120
84270116
88405221
88464590
88464719
88466227
83545196
83656958
107184733
83913382
83913619
83913825
84011940
84018834
108170819
108221304
83638494
83638541
83638702
83638796
86078086
83810689
83817163
83820086
87766323
87785590
83860073
85511229
95090066
95090629
95099069
95099478
95099643
95445101
84144350
84255154
84255223
84271313
84024855
84203915
84203954
93146193
93146854
93146863
93166025
84115753
85838876
88416496
88416539
87099608
84242147
84242297
88411328
88411445
88411906
94606687
84325788
94804016
106944156
95222911
106716466
106716751
95356284
95356515
89935215
89935649
94445509
94445548
94445572
94445817
111929419
100348049
100348323
100348670
84335879
84335916
84336238
97443581
85518710
85518922
85776869
85776974
86362575
84415013
84417295
84417410
84826729
85651901
84570507
87088520
87088899
84588681
112882360
112882699
112890172
112890872
123756374
94625235
100739124
100739179
100753591
84754981
84783600
84783844
84792907
84827736
84830411
84830872
85050712
85059038
96707071
96707881
84829651
118002373
118924896
84835947
84899009
84899858
92602328
96164237
96164431
85037269
94581878
85058907
93034508
93034923
93036487
93036761
93036930
113467721
105910472
105940452
85411366
85414437
85417487
85401650
85529707
87916093
87916474
87919068
87919516
85520603
85520694
87266074
87266923
87266984
87288052
85774084
90094625
85540104
85594285
85594360
89941967
89941996
89984144
93083870
93083963
93100445
85815905
86499045
86499276
87226615
85886928
85904125
85904362
85904466
88830101
85901686
85905452
90097513
90097803
85906952
86933075
87803633
87810122
85967394
85967417
87235899
87239096
87239759
86095557
88460130
87556889
88468484
100379435
100385389
100385575
117282919
