89614084
95463591
84146393
82457270
89428036
82988418
84405430
84405502
82886504
84142830
83539320
83539870
102223281
102223824
106803418
83231959
83333134
83422878
83247603
83247785
104723042
104723052
104723431
84204387
84204435
104787008
83348629
84013603
84272140
84272359
84272521
84272645
84272797
88405493
88405877
88464744
88464766
88466747
88466935
83538636
83538833
84012758
84018543
108170833
108221408
108221477
108221923
90490136
90491589
83817009
83817370
83819290
87766373
87785658
89211029
83853872
83862475
88754215
83857645
83860897
85511213
95099074
95152329
95445628
84144525
84024861
93146182
93166096
93166433
84262368
84115741
85838642
85838720
84211334
87099053
88411129
88411823
94606868
84325258
84325406
84327106
106716277
106716748
89976609
84333756
94445584
111929273
84335763
84584019
84584704
97443072
85519906
84415309
84570232
84678584
87088307
87088822
84588659
112882492
112890069
87118509
84761640
84783604
84827924
84830541
96707002
96707109
118002022
118002395
118002542
118002593
84835776
84896275
92602821
93036885
114787059
105910615
85411345
85411701
85534033
85534212
87919251
85486405
85486899
85520784
87267697
85791388
90094665
85594873
85594882
85541427
89941517
89984102
89984566
91345559
93100484
85804251
85804396
85804486
85815909
85845671
85845796
86499420
87226068
85895158
88830843
85901728
85903026
85903372
85903938
90096730
90098082
90098212
85902808
86933339
87236552
87239698
87239699
87239718
87564770
87596350
88452918
100385632
100385703
100385984
